1)
C: 1.0, kernel: linear

[0.20104244 0.10105308 0.10106383 0.10106383 0.10106383]

---------------------------------------------
2)
C: 10.0, kernel: linear

[0.90852037 0.908414   0.90968085 0.90946809 0.91191489]

Accuracy on test data:  0.9199217087907412 

              precision    recall  f1-score   support

           0       1.00      0.99      0.99      1187
           1       0.94      0.99      0.96      1192
           2       0.85      0.91      0.88      1143
           3       0.83      0.83      0.83      1135
           4       0.93      0.76      0.84      1167
           5       0.94      0.96      0.95      1197
           6       0.93      0.83      0.88      1215
           7       0.99      0.98      0.98      1136
           8       0.96      0.99      0.97      1186
           9       0.85      0.97      0.91      1193

    accuracy                           0.92     11751
   macro avg       0.92      0.92      0.92     11751
weighted avg       0.92      0.92      0.92     11751

[[1173    0    0    0    0   13    0    1    0    0]
 [   0 1178    4    0    0    0    5    1    0    4]
 [   0   36 1039   29    5    0   15    5    0   14]
 [   0    2  126  947   51    0    1    2    0    6]
 [   1    1   46  168  885   49   14    1    0    2]
 [   1    2    0    0    1 1149    1    0   43    0]
 [   0   14   10    0    1    3 1003    4    8  172]
 [   0    9    3    0    0    1   13 1108    0    2]
 [   0    1    0    0    4    2    6    0 1173    0]
 [   0   15    1    0    0    2   18    0    2 1155]]

---------------------------------------------
3)
C: 1.0, kernel: rbf

[0.99149027 0.99393682 0.99276596 0.99223404 0.99414894]

Accuracy on test data:  0.9948089524295805

              precision    recall  f1-score   support

           0       1.00      1.00      1.00      1187
           1       0.99      1.00      1.00      1192
           2       0.99      0.99      0.99      1143
           3       0.99      0.99      0.99      1135
           4       0.99      0.99      0.99      1167
           5       1.00      1.00      1.00      1197
           6       0.99      1.00      0.99      1215
           7       1.00      0.99      1.00      1136
           8       1.00      1.00      1.00      1186
           9       1.00      0.99      1.00      1193

    accuracy                           0.99     11751
   macro avg       0.99      0.99      0.99     11751
weighted avg       0.99      0.99      0.99     11751

[[1186    0    0    0    0    1    0    0    0    0]
 [   0 1191    0    0    0    0    1    0    0    0]
 [   0    1 1136    2    3    0    1    0    0    0]
 [   0    0    8 1122    4    0    0    1    0    0]
 [   1    0    3   11 1151    0    1    0    0    0]
 [   1    0    0    0    1 1194    1    0    0    0]
 [   0    0    1    0    1    1 1210    0    0    2]
 [   0    2    1    0    0    1    2 1130    0    0]
 [   0    1    0    0    0    0    0    0 1185    0]
 [   0    4    1    0    0    0    3    0    0 1185]]
---------------------------------------------
4)
C: 10.0, kernel: rbf

[0.99234124 0.99404319 0.99382979 0.99297872 0.99489362]

Accuracy on test data:  0.9950642498510766 

              precision    recall  f1-score   support

           0       1.00      1.00      1.00      1187
           1       0.99      1.00      1.00      1192
           2       0.99      0.99      0.99      1143
           3       0.98      0.99      0.99      1135
           4       1.00      0.99      0.99      1167
           5       1.00      1.00      1.00      1197
           6       0.99      1.00      0.99      1215
           7       1.00      1.00      1.00      1136
           8       1.00      1.00      1.00      1186
           9       1.00      0.99      0.99      1193

    accuracy                           1.00     11751
   macro avg       1.00      1.00      1.00     11751
weighted avg       1.00      1.00      1.00     11751

[[1186    0    0    0    0    1    0    0    0    0]
 [   0 1191    0    0    0    0    1    0    0    0]
 [   0    1 1128   11    0    0    2    1    0    0]
 [   0    0    6 1127    1    0    0    1    0    0]
 [   0    0    3    7 1156    0    1    0    0    0]
 [   1    0    0    0    1 1194    1    0    0    0]
 [   0    0    1    0    0    1 1209    0    0    4]
 [   0    0    1    0    0    1    2 1132    0    0]
 [   0    1    0    0    0    0    0    0 1185    0]
 [   0    4    1    0    0    0    3    0    0 1185]]
---------------------------------------------
5)
C: 1.0, kernel: poly

[0.99297947 0.99404319 0.99404255 0.99340426 0.99510638]

Accuracy on test data:  0.9955748446940685 

              precision    recall  f1-score   support

           0       1.00      1.00      1.00      1187
           1       1.00      1.00      1.00      1192
           2       0.99      0.99      0.99      1143
           3       0.99      0.99      0.99      1135
           4       1.00      0.99      0.99      1167
           5       1.00      1.00      1.00      1197
           6       0.99      1.00      0.99      1215
           7       1.00      1.00      1.00      1136
           8       1.00      1.00      1.00      1186
           9       1.00      0.99      0.99      1193

    accuracy                           1.00     11751
   macro avg       1.00      1.00      1.00     11751
weighted avg       1.00      1.00      1.00     11751

[[1186    0    0    0    0    1    0    0    0    0]
 [   0 1191    0    0    0    0    1    0    0    0]
 [   0    0 1135    7    0    0    0    1    0    0]
 [   0    0    6 1126    2    0    0    1    0    0]
 [   0    0    3    7 1156    0    1    0    0    0]
 [   1    0    0    0    1 1194    1    0    0    0]
 [   0    0    1    0    0    1 1210    0    0    3]
 [   0    0    1    0    0    1    2 1132    0    0]
 [   0    1    0    0    0    0    0    0 1185    0]
 [   0    4    1    0    0    0    4    0    0 1184]]
---------------------------------------------
6)
C: 10.0, kernel: poly

[0.99319221 0.99404319 0.99351064 0.99244681 0.99531915]

Accuracy on test data:  0.9951493489915751 

              precision    recall  f1-score   support

           0       1.00      1.00      1.00      1187
           1       1.00      1.00      1.00      1192
           2       0.99      0.99      0.99      1143
           3       0.98      0.99      0.99      1135
           4       1.00      0.99      0.99      1167
           5       1.00      1.00      1.00      1197
           6       0.99      1.00      0.99      1215
           7       1.00      1.00      1.00      1136
           8       1.00      1.00      1.00      1186
           9       1.00      0.99      0.99      1193

    accuracy                           1.00     11751
   macro avg       1.00      1.00      1.00     11751
weighted avg       1.00      1.00      1.00     11751

[[1186    0    0    0    0    1    0    0    0    0]
 [   0 1191    0    0    0    0    1    0    0    0]
 [   0    0 1130   11    0    0    1    1    0    0]
 [   0    0    6 1127    1    0    0    1    0    0]
 [   0    0    3    7 1156    0    1    0    0    0]
 [   1    0    0    0    1 1194    1    0    0    0]
 [   0    0    1    0    0    1 1210    0    0    3]
 [   0    0    1    0    0    1    2 1132    0    0]
 [   0    1    0    0    0    0    0    0 1185    0]
 [   0    3    1    0    0    0    6    0    0 1183]]
---------------------------------------------